4.072527062822530741e-01
-1.585738504300946913e-02
3.869885661244338304e-01
3.911671577911156050e-01
2.573114366157697730e-01
4.089672503848779672e-01
1.151790819837076874e-01
6.131127919084775058e-02
-1.431026723585771508e-02
-1.296803024095738166e-01
2.433065351634892126e-01
4.590321932457085141e-02
1.659264631994308153e-02
-2.073988347200619864e-02
-1.474303765294680824e-01
-1.246026446339919269e-01
-1.561483937982038606e-01
-7.652388961030565095e-02
-5.941050394502169624e-02
-8.325327409887098296e-02
-1.046907837295784488e-01
-9.693522388116140864e-02
1.079194387693493788e-02
1.302568342532914487e-02
3.148609860057606236e-01
2.440874278433932953e-01
-2.340910759216563997e-01
3.058609398238976707e-01
-4.125833056553903505e-02
2.726836146892754331e-01
-1.041020952856120396e-01
-2.237697878138231178e-01
1.331607230150247401e-02
7.933349675280735314e-01
-7.422403281494106830e-02
-5.682268059684408845e-01
-1.346651673579988828e-01
-1.151431416305630784e-01
-1.558395707439338695e-01
-9.509439079735034286e-03
-1.814462359149604173e-02
3.803079285471837045e-01
-9.242945743859797003e-02
-1.575052305978580647e-01
-1.250286335457719555e-01
-2.755375375100548307e-01
-7.056503290095791914e-02
3.334072856575139854e-01
4.376009071114991128e-02
4.659365377224722327e-02
4.000640386565821466e-02
-3.751624179576466822e-02
-1.480631078250435051e-01
7.194879840627087519e-01
-3.388441220442454660e-01
-1.499236044789876710e-01
-4.049742703725481285e-01
-2.529986852818997822e-01
2.123904113263679061e-01
-4.964238835225932150e-02
1.831345261582112069e-02
-1.568456417249194379e-01
-5.596529942246929179e-02
1.503645004228198745e-01
1.713483281123127921e-02
2.184979675925524667e-02
3.434545659299648081e-03
-3.501211177383430073e-02
7.645251302505630397e-03
-3.984557969124644800e-02
-1.647589392651669857e-02
-3.644076135963745383e-02
2.618441416738942831e-02
3.256019703316843927e-02
1.729603333543100127e-02
-6.258328480068300068e-04
-3.254679986184929458e-02
-2.486474118974454570e-02
-4.524886877828060774e-03
-2.023984650806362126e-02
3.560671132862883951e-03
1.645947817777818588e-03
3.288250150491594387e-02
2.589197588762770508e-02
-2.002690437365872798e-03
2.334952733463575500e-02
-1.644710375408216241e-02
2.135969681689844912e-02
-8.754371170489921167e-03
-1.073639090940332608e-01
-2.281436940604684993e-02
-2.170548420120924429e-02
-2.154344574588834896e-02
1.814659816736168343e-02
-8.925514509139404959e-03
-2.567554818675390343e-02
-3.856146902535843163e-02
-7.186352001962237682e-03
-5.100392619318615088e-03
3.286080531981298153e-02
-7.780072230117227212e-03
-1.156443680602556659e-02
5.794213745487098582e-02
-2.859470542026212869e-02
1.067229837558615786e-02
8.672423470729856421e-03
