-1.392352012247894399e-01
6.966622034128313462e-03
-1.220339633639308113e-01
-1.246233714271664655e-01
-8.429142205648465502e-02
-1.267372974723353363e-01
-3.112569826555183425e-02
-1.849063793629755412e-02
1.440894983772958134e-03
4.958018512908474174e-02
-8.101057363094305019e-02
-1.926701449161498381e-02
-1.254132005464263580e-02
1.001234525871727826e-03
4.043602031269553226e-02
4.447748915498089817e-02
3.955682148855883123e-02
2.134306790711801988e-02
2.401678978644467694e-02
2.608875702104320599e-02
3.456458792360377064e-02
3.964333492073648241e-02
4.375706082842863577e-04
-2.517963506786425991e-03
-1.018606631390027578e-01
-7.271432740481410806e-02
7.005711619459553674e-02
-1.033302332314258998e-01
4.701424453405657691e-03
-8.483671577294268906e-02
3.905734157473393642e-02
7.379283447188836331e-02
-7.875791898176455128e-03
-2.506546608114105235e-01
2.629386242858494996e-02
1.763418404373231219e-01
4.605083709501074651e-02
3.413660511634912520e-02
5.288288007378533911e-02
3.050961952237285155e-03
1.328932496109311995e-02
-1.193589409363554760e-01
3.306170829893286672e-02
4.534443720761260899e-02
3.745732185334279402e-02
8.768194393607367521e-02
1.352418901706684690e-02
-1.030530690504616737e-01
-1.975065027448308363e-02
-1.642725648312405584e-02
-2.229972907928933629e-02
1.624581602580837947e-02
4.045691136358924717e-02
-2.266470148657871997e-01
1.001793118040160968e-01
4.246816258426842211e-02
1.335864938511554523e-01
8.469941349337176129e-02
-6.699508708388404732e-02
1.408033163456688143e-02
-6.237182234796082719e-03
5.108718153092679792e-02
1.666484121487322653e-02
-4.785935601253812899e-02
-3.237390167243558558e-03
-4.938024255543238539e-03
-5.796728728807425124e-03
9.070206373237741856e-03
-3.131560345589524692e-03
1.396262799190900808e-02
2.314912681774795606e-03
1.730083225079645168e-02
-2.381729572086710434e-03
-3.656367587990552726e-03
-8.747491640641097063e-03
-3.215812204297847053e-03
1.703131056699665191e-02
-8.005773739904988506e-05
5.436104914078069075e-03
4.265720748921533918e-03
-1.142105687396674117e-03
-1.442124462066689738e-03
-1.103592972949298326e-02
-4.932599774078517615e-03
3.151121729164384796e-04
-2.624892442905047470e-03
1.631829678765383748e-02
-8.099563043839238391e-03
7.379212146588215969e-03
3.653324790583670906e-02
1.244487229944016282e-02
3.224255525473672043e-03
1.043824106106384410e-02
-8.729585681224130700e-03
5.856692185564593353e-03
6.874631078526392824e-04
9.134646783533850387e-03
-5.521100873491378326e-03
2.566691428716439370e-03
-6.514710449275602994e-04
-2.961265809488269202e-03
7.161804823727570442e-03
-2.408840440993677973e-02
1.820456999025036465e-02
-3.008179406196055238e-03
-1.819878124574803415e-03
